-8.587811887264251709e-02
1.088351160287857056e-01
3.657243400812149048e-02
-5.892812460660934448e-02
1.324841007590293884e-02
-5.426596850156784058e-03
-6.544671207666397095e-02
-1.103367432951927185e-01
1.945222914218902588e-01
-9.798642992973327637e-02
2.352324873208999634e-01
7.875492423772811890e-02
-2.131304144859313965e-01
-1.631645560264587402e-01
5.998649075627326965e-02
1.141940876841545105e-01
-1.745842993259429932e-01
-9.195610880851745605e-02
-9.300941228866577148e-02
-1.177086532115936279e-01
3.251657634973526001e-02
-9.973517619073390961e-03
1.069068387150764465e-01
5.055310949683189392e-02
-1.443276107311248779e-01
-3.403072059154510498e-01
-6.071807816624641418e-02
-1.884852349758148193e-01
-1.034028548747301102e-02
-1.080859526991844177e-01
-9.193877130746841431e-02
3.109341254457831383e-03
-1.801082491874694824e-01
-1.244156509637832642e-01
1.675188541412353516e-02
-1.897126622498035431e-02
1.182335056364536285e-02
-8.102642372250556946e-03
2.119968384504318237e-01
2.653747424483299255e-02
-1.306779831647872925e-01
9.328368306159973145e-02
1.860700547695159912e-02
2.071011364459991455e-01
2.778759002685546875e-01
7.878018915653228760e-02
-3.837401047348976135e-03
-7.752370834350585938e-02
1.267985105514526367e-01
-2.281572669744491577e-01
6.552332639694213867e-02
1.553028076887130737e-01
9.201433509588241577e-02
1.864257454872131348e-02
8.374187350273132324e-02
-1.913295537233352661e-01
-6.095842458307743073e-03
7.605081796646118164e-02
-1.496736854314804077e-01
3.036422841250896454e-02
1.808201521635055542e-02
-9.496486932039260864e-02
-3.865096345543861389e-02
5.929350852966308594e-02
1.829549819231033325e-01
1.070510372519493103e-01
-1.138792783021926880e-01
-5.320045351982116699e-02
1.317141056060791016e-01
-3.951845318078994751e-02
1.596092991530895233e-02
2.322467789053916931e-02
-1.939166337251663208e-01
-2.004551440477371216e-01
-2.327429503202438354e-01
7.936883717775344849e-02
3.747815191745758057e-01
1.732778847217559814e-01
-2.113740444183349609e-01
-9.255204349756240845e-05
-2.121862918138504028e-01
4.901905357837677002e-02
6.517765671014785767e-02
1.559197343885898590e-02
-6.400560587644577026e-02
-1.360193490982055664e-01
-4.608291760087013245e-02
3.547948971390724182e-02
8.948478847742080688e-02
3.567519038915634155e-02
-5.014932900667190552e-02
2.258579283952713013e-01
-1.441997103393077850e-02
6.718008220195770264e-02
1.127390097826719284e-02
4.955989122390747070e-02
-1.452750265598297119e-01
-1.475015655159950256e-02
-1.586329638957977295e-01
-5.306795239448547363e-02
2.037054672837257385e-02
-3.045273572206497192e-02
4.605555534362792969e-02
1.456098407506942749e-01
-2.509534955024719238e-01
5.733733624219894409e-02
5.783117376267910004e-03
-4.203157871961593628e-02
3.144768252968788147e-02
7.468121498823165894e-02
-3.757485374808311462e-02
-4.730080440640449524e-02
5.881020799279212952e-02
-2.385153025388717651e-01
2.371757179498672485e-01
2.592942714691162109e-01
2.663731761276721954e-02
1.702703833580017090e-01
6.620558351278305054e-02
2.140924334526062012e-02
-1.379773020744323730e-04
-2.452898211777210236e-02
-1.630187630653381348e-01
-6.552053242921829224e-02
5.504959076642990112e-02
6.471437215805053711e-02
7.070481777191162109e-02
7.070038467645645142e-03
$2.126241568475961685e-03
1.815170645713806152e-01
8.942952752113342285e-02
-2.890676259994506836e-02
-1.322694122791290283e-01
4.053921625018119812e-02
-3.351211175322532654e-02
-7.746177911758422852e-02
5.412486195564270020e-02
-5.690681189298629761e-02
2.418312281370162964e-01
-5.402804538607597351e-02
-2.574356198310852051e-01
-5.157364159822463989e-02
6.138319894671440125e-02
1.260576546192169189e-01
-1.494627892971038818e-01
-6.552803516387939453e-02
-2.010256499052047729e-01
-6.235639378428459167e-02
-1.103379577398300171e-02
-4.100168496370315552e-02
2.593715861439704895e-02
-7.272570580244064331e-02
-2.066207826137542725e-01
-2.353388220071792603e-01
-4.712092503905296326e-02
-1.022827103734016418e-01
-2.789487689733505249e-02
-1.624391227960586548e-01
7.824215292930603027e-02
-3.084396757185459137e-02
-1.444171667098999023e-01
-5.164244025945663452e-02
-4.710121080279350281e-02
-2.985836379230022430e-02
-1.722825691103935242e-02
-5.847340449690818787e-02
1.315445154905319214e-01
2.626332640647888184e-02
-1.789229363203048706e-01
1.302591264247894287e-01
7.335129193961620331e-03
2.158721685409545898e-01
2.947481870651245117e-01
-5.235875025391578674e-03
4.717015475034713745e-02
-8.853559195995330811e-02
1.362624913454055786e-01
-2.418187111616134644e-01
5.437325313687324524e-02
3.498965501785278320e-02
1.680707037448883057e-01
5.769798532128334045e-02
1.424441784620285034e-01
-7.317239046096801758e-02
2.392226085066795349e-02
1.897290199995040894e-01
-2.006250768899917603e-01
3.737673163414001465e-02
5.043882131576538086e-02
-5.482149869203567505e-02
3.411493450403213501e-02
-4.349241033196449280e-02
1.230146735906600952e-01
1.102421730756759644e-01
-9.777064435184001923e-03
-9.036207199096679688e-02
1.936912089586257935e-01
-9.519791603088378906e-02
-1.127723157405853271e-01
3.078759834170341492e-02
-6.616236269474029541e-02
-1.277217715978622437e-01
-3.352625966072082520e-01
1.078750938177108765e-03
2.703645825386047363e-01
1.360216289758682251e-01
-2.961110472679138184e-01
-7.562296837568283081e-02
-4.549199342727661133e-02
5.180605221539735794e-03
3.369437158107757568e-02
8.341876789927482605e-03
-3.430062159895896912e-02
-1.369257420301437378e-01
-5.488765239715576172e-02
-1.437551714479923248e-02
2.437362670898437500e-01
-1.093587055802345276e-01
7.043696008622646332e-03
2.237342000007629395e-01
4.802171885967254639e-02
-1.484416127204895020e-01
5.571187660098075867e-02
-3.593137860298156738e-02
-1.178519278764724731e-01
-1.510649174451828003e-02
-1.176923215389251709e-01
-5.191773176193237305e-02
-2.262584306299686432e-02
-1.587825119495391846e-01
-3.008006140589714050e-02
6.657020002603530884e-02
-2.624118030071258545e-01
1.640259623527526855e-01
-1.417358964681625366e-02
-7.986995577812194824e-02
-5.631728842854499817e-02
-4.092158377170562744e-02
1.244715694338083267e-02
6.576459109783172607e-02
2.290710359811782837e-01
-2.499878555536270142e-01
2.010732889175415039e-01
2.281817048788070679e-01
-5.759401619434356689e-02
7.731682807207107544e-02
1.206535659730434418e-02
6.270903348922729492e-02
-3.904251754283905029e-02
3.572972863912582397e-02
-8.620855212211608887e-02
-1.328544169664382935e-01
-4.300309345126152039e-03
-2.123464271426200867e-02
9.612753055989742279e-03
6.677755713462829590e-02
$
-7.257775217294692993e-02
3.414339944720268250e-02
8.539863675832748413e-02
7.607770152390003204e-03
-7.161895185708999634e-02
-4.227343201637268066e-02
-3.003427945077419281e-02
-1.119623556733131409e-01
2.440812736749649048e-01
-6.647817790508270264e-02
1.103339865803718567e-01
-6.131113506853580475e-03
-1.677845865488052368e-01
-6.002339720726013184e-02
2.213358879089355469e-02
1.181885600090026855e-01
-1.649059504270553589e-01
-1.615203619003295898e-01
-7.558810710906982422e-02
-2.783821336925029755e-02
4.461363889276981354e-03
8.187936618924140930e-03
2.288406156003475189e-02
2.683233842253684998e-02
-1.505182534456253052e-01
-3.770746886730194092e-01
-3.875136375427246094e-02
-1.278261095285415649e-01
8.407697081565856934e-02
-6.431428343057632446e-02
-7.267941534519195557e-02
1.845663296990096569e-03
-1.500986516475677490e-01
-9.213504940271377563e-02
3.674034774303436279e-02
1.252060234546661377e-01
-6.499288231134414673e-02
-3.547202423214912415e-02
2.632850110530853271e-01
9.131299331784248352e-03
-1.456237435340881348e-01
2.588145434856414795e-02
3.245924785733222961e-02
2.899975776672363281e-01
1.915173232555389404e-01
7.199645787477493286e-02
4.862582683563232422e-02
-3.810901939868927002e-02
1.844028383493423462e-01
-2.883613109588623047e-01
1.138392612338066101e-01
1.137906759977340698e-01
1.457867771387100220e-01
6.274723261594772339e-02
1.680825799703598022e-01
-1.875176876783370972e-01
6.719149649143218994e-03
7.658185809850692749e-02
-2.621510922908782959e-01
1.583916246891021729e-01
1.298461854457855225e-01
-5.692776292562484741e-02
-9.349728003144264221e-03
-2.827383764088153839e-02
2.630912065505981445e-01
9.404271841049194336e-02
-9.863609075546264648e-02
-5.668291449546813965e-02
1.224906668066978455e-01
-1.550703197717666626e-01
-1.863529440015554428e-03
-6.862682849168777466e-02
-7.657595723867416382e-02
-1.390192359685897827e-01
-3.154779970645904541e-01
8.625213056802749634e-03
3.864999413490295410e-01
1.406762152910232544e-01
-2.214698940515518188e-01
7.300664670765399933e-03
-5.277122929692268372e-02
-2.440321445465087891e-02
6.793451309204101562e-02
6.278321146965026855e-03
-8.500146120786666870e-02
-8.800085633993148804e-04
-1.161351054906845093e-01
-2.577150240540504456e-03
1.570908278226852417e-01
1.918561011552810669e-02
2.836433053016662598e-02
1.504132002592086792e-01
2.500228583812713623e-02
-1.152869220823049545e-02
1.698618754744529724e-02
-6.106878165155649185e-03
-1.806736886501312256e-01
-1.786276698112487793e-02
-1.559859961271286011e-01
6.511215120553970337e-03
2.085527405142784119e-03
-5.754304677248001099e-02
9.796439111232757568e-02
7.590699940919876099e-02
-1.938184946775436401e-01
1.797452867031097412e-01
-7.710052654147148132e-03
-5.807610228657722473e-02
-2.137755602598190308e-02
5.292406305670738220e-02
-1.847139745950698853e-01
-5.074860900640487671e-02
1.613710224628448486e-01
-2.403295189142227173e-01
2.104386091232299805e-01
1.407346427440643311e-01
4.031958431005477905e-02
1.721297949552536011e-01
-9.416456334292888641e-03
5.900919064879417419e-02
-2.957535907626152039e-02
1.137394905090332031e-01
-1.027398928999900818e-01
-8.640824258327484131e-02
-3.654770553112030029e-02
-7.570956833660602570e-03
9.028410166501998901e-02
1.352284252643585205e-01
$-1.593931466341018677e-01
8.646423928439617157e-03
5.022772029042243958e-02
-1.124024540185928345e-01
-1.518055647611618042e-01
-8.210111409425735474e-02
1.984281837940216064e-02
-1.035931035876274109e-01
1.187804266810417175e-01
-7.035355269908905029e-02
2.354278564453125000e-01
-2.107659913599491119e-02
-2.047504484653472900e-01
-3.906713426113128662e-02
1.330935396254062653e-03
2.149292081594467163e-01
-1.523274332284927368e-01
-1.497163772583007812e-01
-1.434688717126846313e-01
-6.738580763339996338e-02
-3.914357721805572510e-02
2.094521000981330872e-02
-3.974667936563491821e-02
8.740387856960296631e-02
-1.386414766311645508e-01
-2.740775346755981445e-01
-6.677131354808807373e-02
-6.619065999984741211e-02
-7.536869496107101440e-02
-5.172092840075492859e-02
5.367860943078994751e-02
1.674058437347412109e-01
-1.483578979969024658e-01
3.242701292037963867e-03
4.232032969594001770e-02
6.973800063133239746e-02
-9.876917302608489990e-02
-8.469538390636444092e-02
2.090866267681121826e-01
4.051559418439865112e-02
-1.745721995830535889e-01
6.548298895359039307e-02
3.313293680548667908e-03
2.762864828109741211e-01
1.669427603483200073e-01
-8.425990119576454163e-03
7.085603475570678711e-02
-7.352280616760253906e-02
1.362117975950241089e-01
-2.782570123672485352e-01
1.372053567320108414e-02
1.399344652891159058e-01
6.603300571441650391e-02
5.687562376260757446e-02
1.465167291462421417e-02
-9.005852788686752319e-02
6.198190897703170776e-02
1.135868728160858154e-01
-2.965082824230194092e-01
2.362738177180290222e-02
3.266642987728118896e-02
-1.265372335910797119e-01
-6.102593615651130676e-02
-1.271070241928100586e-01
2.052872925996780396e-01
1.656617820262908936e-01
-1.123783960938453674e-01
-1.456605941057205200e-01
2.460912466049194336e-01
-1.380065232515335083e-01
-1.415604203939437866e-01
2.462591975927352905e-02
-1.469028145074844360e-01
-2.084955573081970215e-01
-2.817227244377136230e-01
4.148289561271667480e-02
3.445147573947906494e-01
1.270970106124877930e-01
-1.942730844020843506e-01
1.294980850070714951e-02
-5.754166841506958008e-02
-6.712896376848220825e-02
-2.796090021729469299e-02
5.322913080453872681e-02
-4.534593969583511353e-02
-8.136160671710968018e-02
-6.280411779880523682e-02
1.044291816651821136e-02
2.808442711830139160e-01
-3.229501470923423767e-02
-2.536527253687381744e-02
2.699076533317565918e-01
1.032389104366302490e-01
-7.652126252651214600e-02
1.800535619258880615e-02
6.093452218919992447e-03
-1.144777424633502960e-02
-4.951060749590396881e-03
-1.086980178952217102e-01
1.819758117198944092e-02
-7.846602238714694977e-03
-8.373335003852844238e-02
-1.112281344830989838e-02
8.174911141395568848e-02
-1.873618513345718384e-01
2.719275057315826416e-01
-1.737150922417640686e-02
-2.451859414577484131e-02
-1.049095988273620605e-01
-1.009306684136390686e-02
-1.090738996863365173e-01
-8.089625276625156403e-03
1.424508243799209595e-01
-2.205915153026580811e-01
2.259319275617599487e-01
1.903080344200134277e-01
1.315759569406509399e-01
1.197370886802673340e-01
2.226576209068298340e-03
1.935479231178760529e-02
-2.861720323562622070e-02
-1.670217141509056091e-02
-1.612597703933715820e-01
-1.123509854078292847e-01
1.267791837453842163e-01
-1.654627174139022827e-02
3.961069136857986450e-02
1.294886767864227295e-01
